460 181
461 80
462 100
463 100
464 97
465 100
466 101
467 101
468 100
469 101
470 99
471 100
472 101
473 99
474 98
475 80
476 96
477 84
478 99
479 101
480 103
481 99
482 96
483 100
484 100
485 107
486 97
487 98
488 97
489 95
490 98
491 101
492 100
493 102
494 94
495 96
496 101
497 98
498 99
499 98
500 100
501 100
502 102
503 100
504 100
505 98
506 106
507 98
508 100
509 94
510 120
511 100
512 96
513 101
514 134
515 135
516 99
517 99
518 127
519 100
520 96
521 99
522 100
523 95
524 99
525 110
526 100
527 98
528 99
529 104
530 98
531 100
532 100
533 101
534 8
535 100
536 101
537 101
538 90
539 104
540 103
541 99
542 100
543 100
544 101
545 102
546 100
547 100
548 93
549 104
550 102
551 97
552 94
553 99
554 101
555 101
556 98
557 94
558 97
559 99
560 88
561 98
562 97
563 97
564 67
565 85
566 85
567 86
568 38
569 85
570 60
571 87
572 73
573 90
574 83
575 89
576 89
577 88
578 89
579 54
580 100
581 87
582 103
583 102
584 101
585 84
586 105
587 102
588 55
589 89
590 92
591 91
592 92
593 48
594 88
595 91
596 109
597 108
598 104
599 83
600 90
601 105
602 66
603 88
604 93
605 6
606 53
607 56
608 52
609 45
610 54
611 53
612 53
613 59
614 54
615 52
616 41
617 54
618 55
619 59
620 54
621 54
622 55
623 55
624 54
625 48
626 55
627 55
628 55
629 53
630 47
631 51
632 62
633 61
634 52
635 55
636 52
637 52
638 52
639 55
640 57
641 57
642 56
643 52
644 58
645 62
646 56
647 57
648 1
649 22
650 23
651 23
652 22
653 23
654 22
655 22
656 22
657 22
658 22
659 22
660 21
661 22
662 23
663 22
664 23
665 2
666 16
667 16
668 17
669 17
670 17
671 17
672 16
673 17
674 17
675 16
676 17
677 17
678 17
679 16
680 17
681 17
682 17
683 17
684 17
685 17
686 17
687 17
688 17
689 17
690 17
691 17
692 18
693 17
694 17
695 18
696 18
697 18
698 18
699 18
700 18
701 18
702 19
703 18
704 18
705 19
706 18
707 19
708 13
709 18
710 18
711 18
712 18
713 14
714 18
715 19
716 19
717 19
718 19
719 18
720 19
721 20
722 19
723 20
724 9
725 19
726 18
727 18
728 19
729 19
730 19
731 19
732 20
733 20
734 20
735 20
736 20
737 20
738 19
739 21
740 20
741 20
742 20
743 19
744 21
745 20
746 21
747 21
748 21
749 22
750 22
751 22
752 23
753 23
754 23
755 23
756 24
757 24
758 24
759 22
760 24
761 24
762 25
763 25
764 25
765 25
766 25
767 26
768 27
769 26
770 27
771 27
772 28
773 29
774 29
775 30
776 30
777 30
778 30
779 31
780 31
781 23
782 21
783 23
784 23
785 22
786 23
787 23
788 23
789 24
790 24
791 24
792 24
793 23
794 24
795 24
796 24
797 25
798 25
799 18
800 19
801 19
802 19
803 19
804 20
805 20
806 19
807 20
808 20
809 20
810 20
811 20
812 20
813 20
814 20
815 20
816 20
817 20
818 21
819 20
820 21
821 21
822 22
823 22
824 22
825 21
826 22
827 22
828 22
829 22
830 23
831 23
832 18
833 18
834 19
835 19
836 20
837 20
838 20
839 19
840 20
841 21
842 20
843 21
844 21
845 21
846 21
847 22
848 15
849 16
850 16
851 17
852 17
853 17
854 17
855 17
856 17
857 17
858 17
859 18
860 17
861 13
862 17
863 18
864 18
865 18
866 18
867 18
868 18
869 17
870 19
871 19
872 19
873 19
874 19
875 19
876 20
877 19
878 19
879 20
880 20
881 20
882 19
883 20
884 20
885 19
886 19
887 21
888 21
889 21
890 21
891 21
892 21
893 22
894 22
895 22
896 22
897 22
898 23
899 23
900 22
901 23
902 24
903 24
904 24
905 24
906 24
907 25
908 24
909 24
910 25
911 25
912 24
913 6
914 24
915 24
916 24
917 25
918 25
919 25
920 26
921 26
922 26
923 26
924 26
925 26
926 27
927 27
928 27
929 27
930 28
931 28
932 29
933 29
934 29
935 29
936 29
937 29
938 30
939 31
940 31
941 30
942 31
943 31
944 32
945 31
946 33
947 31
948 33
949 33
950 34
951 33
952 35
953 29
954 35
955 37
956 36
957 37
958 37
959 38
960 38
961 37
962 29
963 30
964 31
965 31
966 31
967 32
968 33
969 33
970 29
971 34
972 34
973 31
974 33
975 36
976 36
977 37
978 37
979 37
980 38
981 37
982 39
983 38
984 39
985 39
986 39
987 40
988 39
989 40
990 32
991 32
992 32
993 33
994 33
995 33
996 33
997 33
998 33
999 33
1000 35
1001 34
1002 35
1003 34
1004 35
1005 37
1006 34
1007 36
1008 38
1009 37
1010 38
1011 36
1012 37
1013 37
1014 37
1015 38
1016 38
1017 35
1018 35
1019 35
1020 34
1021 35
1022 32
1023 35
1024 36
1025 35
1026 34
1027 35
1028 32
1029 37
1030 37
1031 38
1032 39
1033 39
1034 39
1035 39
1036 39
1037 39
1038 39
1039 42
1040 40
1041 42
1042 39
1043 42
1044 40
1045 42
1046 41
1047 41
1048 42
1049 41
1050 44
1051 43
1052 43
1053 43
1054 44
1055 45
1056 45
1057 46
1058 46
1059 45
1060 46
1061 47
1062 48
1063 47
1064 47
1065 46
1066 50
1067 49
1068 48
1069 48
1070 50
1071 52
1072 50
1073 51
1074 51
1075 53
1076 52
1077 56
1078 54
1079 54
1080 50
1081 48
1082 55
1083 57
1084 60
1085 60
1086 59
1087 34
1088 38
1089 37
1090 38
1091 39
1092 37
1093 36
1094 39
1095 38
1096 38
1097 39
1098 39
1099 39
1100 40
1101 41
1102 41
1103 41
1104 40
1105 42
1106 40
1107 41
1108 41
1109 42
1110 42
1111 43
1112 43
1113 43
1114 38
1115 44
1116 44
1117 42
1118 41
1119 44
1120 44
1121 44
1122 42
1123 43
1124 45
1125 46
1126 43
1127 45
1128 46
1129 45
1130 52
1131 52
1132 46
1133 47
1134 47
1135 43
1136 42
1137 49
1138 48
1139 57
1140 49
1141 50
1142 48
1143 49
1144 48
1145 49
1146 49
1147 50
1148 51
1149 51
1150 52
1151 52
1152 60
1153 56
1154 53
1155 48
1156 52
1157 44
1158 44
1159 44
1160 49
1161 44
1162 44
1163 37
1164 45
1165 45
1166 44
1167 45
1168 45
1169 46
1170 45
1171 47
1172 46
1173 45
1174 45
1175 46
1176 47
1177 45
1178 47
1179 48
1180 47
1181 47
1182 45
1183 48
1184 54
1185 48
1186 48
1187 50
1188 49
1189 50
1190 50
1191 50
1192 51
1193 51
1194 46
1195 48
1196 48
1197 49
1198 50
1199 49
1200 48
1201 50
1202 50
1203 48
1204 48
1205 50
1206 49
1207 50
1208 52
1209 50
1210 53
1211 54
1212 54
1213 54
1214 48
1215 54
1216 55
1217 56
1218 56
1219 57
1220 57
1221 57
1222 56
1223 60
1224 60
1225 61
1226 59
1227 60
1228 62
1229 63
1230 65
1231 63
1232 62
1233 64
1234 65
1235 66
1236 66
1237 67
1238 66
1239 64
1240 63
1241 67
1242 69
1243 69
1244 70
1245 70
1246 70
1247 74
1248 72
1249 66
1250 58
1251 75
1252 71
1253 76
1254 77
1255 78
1256 75
1257 73
1258 60
1259 73
1260 79
1261 79
1262 78
1263 88
1264 99
1265 93
1266 79
1267 80
1268 78
1269 68
1270 102
1271 96
1272 98
1273 81
1274 83
1275 82
1276 52
1277 83
1278 73
1279 89
1280 87
1281 83
1282 102
1283 87
1284 77
1285 100
1286 77
1287 110
1288 107
1289 105
1290 113
1291 105
1292 103
1293 106
1294 109
1295 79
1296 92
1297 56
1298 82
1299 93
1300 98
1301 89
1302 116
1303 72
1304 86
1305 88
1306 70
1307 55
1308 99
1309 64
1310 100
1311 102
1312 69
1313 102
1314 67
1315 139
1316 94
1317 131
1318 73
1319 57
1320 148
1321 68
1322 141
1323 76
1324 113
1325 103
1326 135
1327 137
1328 76
1329 93
1330 103
1331 97
1332 76
1333 95
1334 95
1335 134
1336 116
1337 144
1338 74
1339 73
1340 101
1341 155
1342 151
1343 72
1344 150
1345 146
1346 148
1347 99
1348 98
1349 68
1350 75
1351 100
1352 159
1353 126
1354 62
1355 103
1356 76
1357 96
1358 82
1359 161
1360 70
1361 108
1362 99
1363 77
1364 80
1365 119
1366 80
1367 104
1368 166
1369 110
1370 55
1371 54
1372 111
1373 150
1374 195
1375 98
1376 98
1377 96
1378 70
1379 75
1380 72
1381 75
1382 77
1383 101
1384 124
1385 79
1386 103
1387 77
1388 119
1389 153
1390 144
1391 136
1392 75
1393 78
1394 88
1395 53
1396 107
1397 63
1398 112
1399 106
1400 131
1401 181
1402 105
1403 81
1404 81
1405 116
1406 110
1407 95
1408 116
1409 109
1410 76
1411 96
1412 117
1413 48
1414 59
1415 89
1416 131
1417 104
1418 99
1419 100
1420 123
1421 80
1422 115
1423 116
1424 69
1425 112
1426 116
1427 176
1428 102
1429 87
1430 135
1431 74
1432 119
1433 76
1434 128
1435 118
1436 83
1437 59
1438 92
1439 101
1440 84
